              wavelength     wave_vac           w1           w2           w3           w4           w5           w6 units_wave particle rel_int
O2_3726A_b      3725.974     3727.092  3719.755205  3721.906144  3722.453635   3730.76408  3732.266792  3733.769111   Angstrom       O2     1.0
H1_3734A         3734.31      3735.43  3719.435017  3721.245748  3732.999777  3735.378051  3736.510963  3739.916219   Angstrom       H1     0.0
H1_3771A        3770.571     3771.701  3765.159063  3767.348156  3768.160157  3772.631344  3774.385328   3777.49012   Angstrom       H1     1.0
H1_3798A        3797.838     3798.976  3791.763847  3794.098402  3795.446794  3799.419593  3804.922883  3806.875897   Angstrom       H1     1.0
He1_3889A    3888.584917  3889.747508  3879.128876  3884.543583  3886.356165  3891.381381  3893.331786  3897.695664   Angstrom      He1     1.0
H1_3889A        3888.988     3890.151   3879.42833  3882.079247  3884.595248  3892.262637  3894.287985  3903.257384   Angstrom       H1     1.0
Ne3_3968A_b      3967.73      3968.91  3950.156642  3952.088989  3954.748304  3977.433316  3978.337499  3983.472409   Angstrom      Ne3     1.0
He1_4026A       4026.123     4027.323  4012.700467  4018.058012  4023.897547  4028.397349  4034.173653  4039.559868   Angstrom      He1     1.0
S2_4069A        4068.537     4069.749  4054.990589  4058.908541  4064.439492  4071.585442  4076.672464  4082.115422   Angstrom       S2     1.0
S2_4076A          4076.3       4077.5  4062.073871    4065.9179  4074.349961  4077.573985  4081.208564  4087.201942   Angstrom       S2     0.0
H1_4102A_b      4101.671     4102.892  4084.186805  4090.418645  4097.918194  4105.647584  4111.676444  4117.342331   Angstrom       H1     1.0
H1_4340A_b      4340.396     4341.684  4321.874175  4330.209261  4331.324295  4345.640835  4350.262697  4360.488238   Angstrom       H1     1.0
O3_4363A        4363.142     4364.436  4355.494236  4358.475028  4361.014491  4364.909391  4367.904444  4372.401862   Angstrom       O3     1.0