              wavelength     wave_vac           w1           w2           w3           w4           w5           w6 units_wave particle rel_int
H1_4340A_b      4340.396     4341.684  4331.102897  4334.822214  4335.564181  4346.257217  4348.846058  4351.097224   Angstrom       H1     1.0
O3_4363A        4363.142     4364.436  4353.511674  4358.491644  4359.670527  4367.241294  4367.985655  4370.989492   Angstrom       O3     1.0
He1_4388A    4388.080339  4389.381125  4377.090815  4382.454461  4383.908286  4392.252392  4393.119375   4400.58052   Angstrom      He1     1.0
He1_4471A       4471.404     4472.728  4465.312259  4467.883482  4468.296912   4474.51698  4474.739144  4477.909372   Angstrom      He1     1.0
Fe3_4658A        4658.09      4659.47  4649.434262  4653.116385  4654.085451  4663.090113  4664.778487  4670.406401   Angstrom      Fe3     1.0
He2_4686A        4685.64      4687.02  4674.527382  4679.323343  4683.140537  4688.719513  4690.251175  4694.943387   Angstrom      He2     1.0
Ar4_4711A_b       4711.3      4712.69  4704.099248  4707.526892  4708.423658   4715.74484  4718.892101  4722.089735   Angstrom      Ar4     1.0
Ar4_4740A        4740.09      4741.49  4735.856609  4737.583155  4737.891467  4742.454482  4743.814534  4747.586705   Angstrom      Ar4     1.0
H1_4861A_b       4861.25     4862.683  4848.606003  4853.530183  4854.389559  4868.014004  4868.718717   4873.29935   Angstrom       H1     1.0
Fe3_4881A       4880.998     4882.436  4873.718462  4878.082787  4878.670429  4885.468949  4887.038128  4891.258574   Angstrom      Fe3     1.0
He1_4922A       4922.333     4923.783  4912.863973  4915.310892  4918.585297  4925.240917  4926.051019  4929.120434   Angstrom      He1     1.0
O3_4959A_b      4958.835     4960.295  4928.743712   4940.92937  4944.205158  4972.270342  4974.229353  4982.582156   Angstrom       O3     1.0
Fe3_4986A         4985.8      4987.27  4977.909517   4981.94987  4982.985629  4989.014838  4990.202404  4994.034279   Angstrom      Fe3     0.0
O3_5007A_b       5006.77      5008.24  4969.605961  4980.670929  4989.388865  5024.017665  5030.874092   5037.69806   Angstrom       O3     1.0